4962.98389689
3447.27207931
3422.83092263
3413.93578389
3409.90389032
3407.4430544
3405.78502414
3404.45853929
3403.63509352
3402.9062077
3402.08293734
3401.38212537
3400.59712465
3399.74732948
3398.88166952
3398.09060279
3397.14662248
3396.19299812
3395.02396664
3394.03303268
3393.12830611
3392.24203497
3391.30356336
3390.28532981
3389.21880585
3388.01664667
3386.7253722
3385.38333014
3384.06697632
3382.9310808
3381.84639378
3380.87171039
3380.1102603
3379.47435261
3379.02785751
3378.55108999
3378.0312586
3377.52238272
3377.00757824
3376.39108425
3375.63666511
3374.85548399
3373.99677907
3373.13331047
3372.31961278
3371.56459036
3371.11071824
3370.71973697
3370.32772699
3370.09603415
3369.77698027
3369.46125952
3368.92428656
3368.16009943
3367.31872903
3366.47158092
3365.53637364
3364.53585526
3363.66392329
3362.83286509
3361.90528098
3360.93265163
3359.98478113
3359.02844506
3358.08324363
3357.24259965
3356.5285408
3355.76194261
3355.05952904
3354.51642696
3353.97933337
3353.49545896
3352.98654183
3352.52145173
3352.05843948
3351.58153387
3351.05684125
3350.56161489
3350.0474321
3349.54194995
3349.02064689
3348.40920353
3347.75649545
3347.13164568
3346.49160386
3345.879337
3345.16030227
3344.43426651
3343.76582219
3343.06546937
3342.30760061
3341.67488276
3341.07034866
3340.51613403
3340.12701557
3339.68068681
3339.28332219
3338.8629531
3338.44492855
3338.06764025
3337.63833409
3337.12337647
3336.60042387
3336.02162774
3335.40517659
3334.75694387
3334.09441689
3333.37007986
3332.55219818
3331.74575593
3330.96951666
3330.19299376
3329.45592277
3328.65345231
3327.84049117
3327.01854374
3326.23181729
3325.49654907
3324.69235157
3323.89122599
3323.19329894
3322.47742958
3321.81706163
3321.2067033
3320.58859403
3319.96551845
3319.43560135
3318.97547966
3318.50173187
3318.0406802
3317.68893935
3317.3030271
3316.94979072
3316.54852378
3316.13249215
3315.70635006
3315.24728558
3314.75225083
3314.27271912
3313.83613478
3313.42335257
3312.96450224
3312.45994876
3311.89086266
3311.29611145
3310.67847049
3310.18081299
3309.8017577
3309.41998015
3309.1451658
3308.92725531
3308.60146974
3308.24291953
3307.90223699
3307.52057586
3307.14051502
3306.73792084
3306.21624515
3305.63399792
3304.98826516
3304.30811525
3303.65434766
3302.95148061
3302.32348875
3301.72851887
3301.09834302
3300.48892704
3299.86297983
3299.2213044
3298.61280987
3298.0752367
3297.5826095
3297.06725989
3296.54199989
3295.9865122
3295.47846235
3294.99740789
3294.51241889
3293.99174835
3293.47126257
3292.95969863
3292.50106463
3292.09671426
3291.68735763
3291.31785105
3290.95427104
3290.52782492
3290.06249402
3289.58759846
3289.28109367
3288.97035906
3288.62229434
3288.28313024
3287.92735997
3287.57149868
3287.16490312
3286.7083004
3286.26961019
3285.88395427
3285.46568973
3284.98650756
3284.55734135
3284.16117121
3283.86526024
3283.61123183
3283.30326275
3282.96781815
3282.66907948
3282.30349061
3281.90782932
3281.55515408
3281.18850015
3280.77665521
3280.31761799
3279.85488546
3279.40339323
3278.97277914
3278.53233231
3278.06711919
3277.6012206
3277.14776361
3276.7177884
3276.28144788
3275.82919836
3275.42779868
3275.00508185
3274.61500391
3274.23487089
3273.85517073
3273.48224154
3273.1196355
3272.79885329
3272.49176826
3272.22812704
3271.97524771
3271.71521648
3271.39874732
3271.08313466
3270.73941299
3270.41662008
3270.1199363
3269.90989788
3269.69836483
3269.53257991
3269.40828413
3269.29410609
3269.20884027
3269.13474221
3269.06661637
3269.00928951
3268.95734487
3268.86415799
3268.75980537
3268.67613564
3268.58844983
3268.54735725
3268.47064029
3268.38793644
3268.34004945
3268.31706641
3268.28134535
3268.21458055
3268.1690339
3268.15916553
3268.17561708